[Finished pair     3 of  3200] load_image=0.026 matcher=1.101 total=1.127 sec {0.9 FPS} 
For matches_path bird_of_paradise/001334_001218_matches.npz
  - keypoints0: (373, 2): [[172.   8.]
 [472.   9.]
 [110.  10.]
 [384.  10.]
 [333.  13.]
 [383.  16.]
 [484.  20.]
 [383.  21.]
 [383.  26.]
 [401.  28.]
 [200.  32.]
 [ 94.  36.]
 [208.  41.]
 [495.  44.]
 [212.  46.]
 [418.  46.]
 [215.  51.]
 [498.  58.]
 [497.  63.]
 [106.  68.]
 [378.  68.]
 [119.  69.]
 [133.  71.]
 [496.  71.]
 [378.  73.]
 [495.  76.]
 [410.  77.]
 [366.  85.]
 [355.  86.]
 [100.  88.]
 [146.  90.]
 [416.  93.]
 [375.  96.]
 [483.  96.]
 [363.  99.]
 [375. 101.]
 [ 83. 102.]
 [583. 104.]
 [588. 104.]
 [405. 105.]
 [ 67. 112.]
 [112. 112.]
 [152. 112.]
 [311. 112.]
 [474. 112.]
 [ 81. 118.]
 [447. 119.]
 [586. 119.]
 [371. 120.]
 [581. 121.]
 [ 82. 124.]
 [559. 126.]
 [614. 126.]
 [493. 127.]
 [498. 127.]
 [503. 127.]
 [344. 128.]
 [521. 128.]
 [454. 129.]
 [459. 129.]
 [ 99. 132.]
 [542. 132.]
 [558. 133.]
 [621. 134.]
 [305. 135.]
 [521. 136.]
 [610. 137.]
 [440. 138.]
 [556. 138.]
 [121. 139.]
 [631. 139.]
 [304. 140.]
 [ 89. 142.]
 [528. 142.]
 [584. 143.]
 [596. 145.]
 [603. 147.]
 [608. 149.]
 [454. 150.]
 [556. 150.]
 [121. 151.]
 [ 90. 156.]
 [514. 158.]
 [631. 159.]
 [256. 164.]
 [243. 167.]
 [298. 170.]
 [255. 171.]
 [105. 172.]
 [544. 172.]
 [244. 174.]
 [107. 177.]
 [163. 177.]
 [590. 178.]
 [255. 180.]
 [215. 181.]
 [130. 183.]
 [618. 184.]
 [530. 185.]
 [218. 186.]
 [515. 187.]
 [107. 190.]
 [448. 192.]
 [284. 193.]
 [609. 194.]
 [107. 195.]
 [222. 196.]
 [255. 197.]
 [522. 200.]
 [134. 201.]
 [ 72. 202.]
 [139. 203.]
 [508. 203.]
 [557. 203.]
 [127. 204.]
 [539. 208.]
 [581. 209.]
 [525. 210.]
 [340. 212.]
 [254. 213.]
 [137. 214.]
 [445. 217.]
 [251. 218.]
 [275. 219.]
 [465. 219.]
 [481. 221.]
 [514. 221.]
 [529. 221.]
 [289. 223.]
 [ 87. 224.]
 [374. 224.]
 [582. 225.]
 [562. 226.]
 [391. 228.]
 [344. 230.]
 [546. 230.]
 [125. 231.]
 [271. 231.]
 [436. 231.]
 [627. 231.]
 [259. 232.]
 [325. 232.]
 [584. 233.]
 [360. 235.]
 [419. 235.]
 [230. 236.]
 [533. 237.]
 [448. 238.]
 [ 72. 239.]
 [601. 239.]
 [281. 240.]
 [241. 241.]
 [ 96. 243.]
 [389. 243.]
 [449. 243.]
 [521. 243.]
 [477. 245.]
 [ 73. 247.]
 [463. 249.]
 [505. 250.]
 [598. 250.]
 [368. 251.]
 [274. 252.]
 [526. 252.]
 [ 74. 255.]
 [431. 256.]
 [487. 257.]
 [492. 257.]
 [301. 258.]
 [110. 259.]
 [ 77. 260.]
 [401. 260.]
 [412. 260.]
 [450. 260.]
 [617. 260.]
 [382. 262.]
 [539. 262.]
 [628. 262.]
 [227. 265.]
 [623. 265.]
 [267. 266.]
 [576. 266.]
 [473. 267.]
 [ 85. 268.]
 [282. 269.]
 [399. 270.]
 [175. 271.]
 [364. 271.]
 [380. 272.]
 [510. 274.]
 [414. 276.]
 [540. 277.]
 [567. 277.]
 [216. 278.]
 [587. 279.]
 [356. 280.]
 [467. 280.]
 [615. 281.]
 [242. 282.]
 [109. 283.]
 [143. 286.]
 [282. 286.]
 [138. 287.]
 [437. 287.]
 [131. 288.]
 [459. 288.]
 [557. 292.]
 [265. 293.]
 [289. 294.]
 [310. 295.]
 [373. 295.]
 [233. 296.]
 [588. 298.]
 [390. 301.]
 [156. 302.]
 [260. 303.]
 [574. 303.]
 [224. 304.]
 [370. 304.]
 [607. 304.]
 [625. 304.]
 [549. 305.]
 [283. 306.]
 [598. 308.]
 [160. 310.]
 [349. 310.]
 [491. 311.]
 [446. 312.]
 [579. 313.]
 [599. 313.]
 [630. 313.]
 [613. 315.]
 [335. 316.]
 [456. 317.]
 [560. 317.]
 [298. 318.]
 [187. 319.]
 [161. 320.]
 [407. 320.]
 [319. 322.]
 [347. 322.]
 [596. 322.]
 [244. 325.]
 [533. 327.]
 [556. 330.]
 [628. 330.]
 [479. 331.]
 [576. 332.]
 [595. 334.]
 [517. 335.]
 [604. 335.]
 [186. 336.]
 [428. 336.]
 [610. 336.]
 [627. 336.]
 [149. 340.]
 [495. 340.]
 [284. 341.]
 [424. 341.]
 [482. 343.]
 [551. 343.]
 [164. 344.]
 [567. 344.]
 [384. 347.]
 [468. 347.]
 [203. 348.]
 [117. 349.]
 [451. 351.]
 [549. 355.]
 [411. 356.]
 [480. 357.]
 [486. 357.]
 [491. 357.]
 [503. 357.]
 [472. 358.]
 [285. 360.]
 [464. 360.]
 [447. 361.]
 [626. 367.]
 [561. 368.]
 [131. 369.]
 [271. 369.]
 [607. 370.]
 [483. 372.]
 [396. 373.]
 [404. 375.]
 [469. 375.]
 [497. 375.]
 [391. 376.]
 [586. 376.]
 [138. 378.]
 [412. 379.]
 [569. 380.]
 [172. 381.]
 [389. 381.]
 [178. 382.]
 [526. 383.]
 [ 80. 384.]
 [ 88. 384.]
 [625. 386.]
 [320. 387.]
 [542. 388.]
 [146. 391.]
 [599. 391.]
 [ 75. 392.]
 [530. 393.]
 [591. 393.]
 [178. 396.]
 [241. 396.]
 [512. 397.]
 [ 88. 399.]
 [566. 399.]
 [306. 401.]
 [191. 402.]
 [255. 402.]
 [403. 402.]
 [ 87. 404.]
 [305. 406.]
 [573. 406.]
 [158. 407.]
 [584. 408.]
 [528. 409.]
 [ 85. 410.]
 [606. 410.]
 [213. 413.]
 [368. 413.]
 [163. 416.]
 [587. 416.]
 [ 74. 417.]
 [233. 417.]
 [543. 417.]
 [507. 418.]
 [554. 422.]
 [205. 424.]
 [356. 424.]
 [267. 425.]
 [275. 425.]
 [577. 426.]
 [561. 427.]
 [180. 429.]
 [504. 429.]
 [612. 432.]
 [185. 433.]
 [561. 433.]
 [297. 434.]
 [360. 435.]
 [628. 435.]
 [340. 440.]
 [362. 443.]
 [219. 447.]
 [527. 447.]
 [616. 447.]
 [128. 448.]
 [358. 448.]
 [495. 450.]
 [227. 451.]
 [357. 453.]
 [569. 454.]
 [554. 457.]
 [604. 457.]
 [538. 458.]
 [250. 459.]
 [597. 460.]
 [346. 461.]
 [503. 463.]
 [266. 465.]
 [277. 468.]
 [380. 468.]
 [388. 469.]
 [543. 469.]
 [522. 470.]
 [607. 470.]
 [393. 471.]]
  - keypoints1: (573, 2): [[389.   8.]
 [492.   8.]
 [438.   9.]
 ...
 [202. 471.]
 [494. 471.]
 [567. 471.]]
  - matches: (373,): [ -1  -1  -1  -1  -1  -1  -1  -1  -1  -1  -1  -1  -1  -1  -1  -1  -1  -1
  -1  -1  -1  -1  -1  -1  -1  -1  -1  -1  -1  -1  -1  -1  -1  -1  -1  -1
  -1  -1  -1  -1  -1  -1  -1  -1  -1  -1  -1  -1  -1  -1  -1  -1  -1  -1
  -1  -1  -1  -1  -1  -1  -1   1   6  -1  -1   3  -1  -1   5  -1  -1  -1
  -1   8  12  15  -1  25   0  20  -1  -1  24  29  -1  -1  -1  -1  -1  -1
  -1  -1  -1  52  -1  -1  -1  82  71  -1  73  -1  40  -1  99  -1  -1  -1
  -1  -1  -1  -1  93  -1  -1  -1  -1  98  -1  -1  -1  97  -1  14  -1 118
  -1  -1  26  -1  78  -1 119  89  81 121  -1  -1 105 126  -1  64 134  88
 106  -1 131 116  -1 138  -1  -1  -1 107 123 141 155  -1 142 156 170 113
  -1  -1  -1 146 171 165  94  -1  -1 145 151  -1 186 137 176 187  -1 191
  84 185 175  -1  -1 167  -1 149 159 189 182 204 208  -1 213 179 203 214
  -1  -1  -1 135  -1 211  -1 216  -1 139 153 168 199  -1  -1  -1  -1 161
 238 124 210 240 246 239 181  -1  -1 215 242 241 247  -1 255 248 219 245
 258 209  -1  -1  -1 223  -1 263  -1 261 272  -1 266 274 278 268 279  -1
 264 280 283  -1 277 237 276 282 291  -1  -1  -1 288 207  -1 292 302 275
 311  -1 306 307  -1 251 313 316 326  -1  -1 265 325 335  -1 329 341 336
  -1  -1  -1 331 351  -1 338 250 384  -1  -1 353 308 387  -1 356  -1  -1
  -1  -1 301 362  -1 374 337 295 317 364  -1  -1 401  -1 407 371  -1 411
 324 372 305 418  -1 333 406 383 423 342 375 357 360 424 432 345 408  -1
 355  -1  -1 397 433  -1 412 365 456 450  -1 415 446 378 420 462 465 472
  -1 394 471 428 481 417 429 442 445 486 485 482 449]
  - match_confidence: (373,): [0.00000000e+00 0.00000000e+00 0.00000000e+00 0.00000000e+00
 0.00000000e+00 0.00000000e+00 0.00000000e+00 0.00000000e+00
 0.00000000e+00 0.00000000e+00 0.00000000e+00 0.00000000e+00
 0.00000000e+00 0.00000000e+00 0.00000000e+00 0.00000000e+00
 0.00000000e+00 0.00000000e+00 0.00000000e+00 0.00000000e+00
 0.00000000e+00 0.00000000e+00 0.00000000e+00 0.00000000e+00
 0.00000000e+00 0.00000000e+00 0.00000000e+00 0.00000000e+00
 0.00000000e+00 0.00000000e+00 0.00000000e+00 0.00000000e+00
 0.00000000e+00 0.00000000e+00 0.00000000e+00 3.79559679e-05
 0.00000000e+00 0.00000000e+00 0.00000000e+00 0.00000000e+00
 0.00000000e+00 0.00000000e+00 0.00000000e+00 0.00000000e+00
 0.00000000e+00 0.00000000e+00 0.00000000e+00 0.00000000e+00
 0.00000000e+00 0.00000000e+00 0.00000000e+00 0.00000000e+00
 0.00000000e+00 0.00000000e+00 1.11641660e-01 0.00000000e+00
 0.00000000e+00 0.00000000e+00 0.00000000e+00 0.00000000e+00
 0.00000000e+00 6.58834100e-01 3.31143439e-01 0.00000000e+00
 0.00000000e+00 7.41095781e-01 0.00000000e+00 0.00000000e+00
 3.15926850e-01 0.00000000e+00 0.00000000e+00 0.00000000e+00
 0.00000000e+00 8.17333698e-01 3.03087950e-01 3.52026165e-01
 0.00000000e+00 2.22202197e-01 4.64630932e-01 9.41422045e-01
 0.00000000e+00 0.00000000e+00 9.50457990e-01 3.16389680e-01
 0.00000000e+00 0.00000000e+00 0.00000000e+00 0.00000000e+00
 0.00000000e+00 2.70169992e-02 0.00000000e+00 0.00000000e+00
 0.00000000e+00 9.34850633e-01 0.00000000e+00 0.00000000e+00
 0.00000000e+00 5.32470107e-01 9.41668928e-01 0.00000000e+00
 7.16626883e-01 0.00000000e+00 8.58038247e-01 0.00000000e+00
 5.38430572e-01 0.00000000e+00 0.00000000e+00 0.00000000e+00
 0.00000000e+00 0.00000000e+00 0.00000000e+00 0.00000000e+00
 8.90969872e-01 0.00000000e+00 0.00000000e+00 0.00000000e+00
 0.00000000e+00 8.72443497e-01 4.26157098e-03 0.00000000e+00
 0.00000000e+00 9.27380979e-01 0.00000000e+00 5.19463480e-01
 1.17753083e-02 6.06813014e-01 0.00000000e+00 0.00000000e+00
 7.21788526e-01 0.00000000e+00 9.51576769e-01 0.00000000e+00
 9.02462900e-01 9.43410993e-01 9.48349297e-01 9.32636023e-01
 0.00000000e+00 0.00000000e+00 9.51017857e-01 8.75746191e-01
 0.00000000e+00 8.63550186e-01 8.85751069e-01 9.50005352e-01
 8.56348038e-01 0.00000000e+00 9.32972252e-01 6.19465351e-01
 0.00000000e+00 9.35024500e-01 0.00000000e+00 1.65322348e-01
 0.00000000e+00 6.69377089e-01 4.78991240e-01 9.51968908e-01
 3.80920678e-01 0.00000000e+00 7.45449781e-01 9.38553870e-01
 9.48341608e-01 9.51129496e-01 0.00000000e+00 7.17486441e-02
 0.00000000e+00 9.48671699e-01 6.56610489e-01 8.48150074e-01
 9.52677250e-01 0.00000000e+00 0.00000000e+00 9.50611234e-01
 9.51996088e-01 0.00000000e+00 6.55617476e-01 9.48603451e-01
 9.52751756e-01 5.92586339e-01 1.97970062e-01 5.01214564e-01
 9.47147191e-01 9.51054156e-01 9.29605305e-01 0.00000000e+00
 2.08793469e-02 9.50933576e-01 7.98342633e-04 9.42458689e-01
 9.48669910e-01 9.50043380e-01 9.52045083e-01 9.52064216e-01
 9.42770123e-01 0.00000000e+00 9.44691241e-01 2.47127473e-01
 9.04521346e-01 9.50799346e-01 0.00000000e+00 0.00000000e+00
 0.00000000e+00 9.44728196e-01 0.00000000e+00 9.52139497e-01
 0.00000000e+00 9.20972586e-01 0.00000000e+00 8.85908663e-01
 9.48646843e-01 9.52036083e-01 7.00082302e-01 0.00000000e+00
 0.00000000e+00 0.00000000e+00 0.00000000e+00 8.41636837e-01
 9.52802658e-01 3.67758781e-01 6.78685725e-01 8.85027885e-01
 7.26319671e-01 9.54364121e-01 9.51789081e-01 0.00000000e+00
 0.00000000e+00 6.36575639e-01 9.51717854e-01 9.51194286e-01
 7.45632231e-01 0.00000000e+00 4.79410529e-01 4.74959195e-01
 9.51948941e-01 9.51925337e-01 7.37413585e-01 9.50458467e-01
 0.00000000e+00 0.00000000e+00 0.00000000e+00 9.51042414e-01
 0.00000000e+00 5.99816024e-01 0.00000000e+00 7.92807162e-01
 8.72494221e-01 0.00000000e+00 9.41487134e-01 7.94636309e-01
 6.48802638e-01 8.56311738e-01 4.69886899e-01 0.00000000e+00
 8.78068566e-01 5.72941601e-01 4.75876182e-01 0.00000000e+00
 7.42979228e-01 9.51509595e-01 8.03695083e-01 6.83074594e-01
 9.05593276e-01 0.00000000e+00 0.00000000e+00 1.91759076e-02
 8.75258207e-01 5.84859788e-01 0.00000000e+00 8.48912776e-01
 9.19465780e-01 3.98974210e-01 5.38080215e-01 0.00000000e+00
 6.53937399e-01 7.82825172e-01 0.00000000e+00 5.37643969e-01
 5.79399288e-01 3.94456148e-01 8.32062781e-01 1.01968773e-01
 0.00000000e+00 9.51628506e-01 6.82534456e-01 9.33619320e-01
 0.00000000e+00 5.04048467e-01 9.47734892e-01 9.24403548e-01
 0.00000000e+00 0.00000000e+00 0.00000000e+00 4.63944167e-01
 4.91670221e-01 0.00000000e+00 5.97089946e-01 4.74152476e-01
 4.14938390e-01 0.00000000e+00 0.00000000e+00 5.51913381e-01
 9.50803816e-01 3.78672123e-01 0.00000000e+00 4.50748444e-01
 0.00000000e+00 0.00000000e+00 0.00000000e+00 0.00000000e+00
 9.46576416e-01 8.60183537e-01 0.00000000e+00 3.82438719e-01
 5.68953156e-01 8.65792394e-01 9.51551378e-01 9.51829016e-01
 0.00000000e+00 0.00000000e+00 6.37550771e-01 0.00000000e+00
 5.71001887e-01 4.86294627e-01 0.00000000e+00 9.49616790e-01
 9.35751975e-01 9.28785622e-01 5.11232734e-01 8.77636075e-01
 0.00000000e+00 5.94465315e-01 4.73716766e-01 4.54108268e-01
 8.11775625e-01 9.39555526e-01 9.45772529e-01 9.46778238e-01
 9.44564164e-01 9.45080519e-01 6.52388871e-01 6.32074952e-01
 5.87085843e-01 0.00000000e+00 7.10123301e-01 0.00000000e+00
 1.18791506e-01 6.75011933e-01 6.78416908e-01 8.29953409e-04
 6.17474973e-01 2.72233278e-01 9.39473093e-01 9.35822487e-01
 0.00000000e+00 6.32327795e-01 6.27766430e-01 7.20242083e-01
 7.77427256e-01 9.38808560e-01 9.32318985e-01 4.99136955e-01
 0.00000000e+00 8.02495658e-01 7.07400680e-01 9.35903192e-01
 8.15939605e-01 5.10414779e-01 4.80038464e-01 7.45097995e-01
 5.16942561e-01 9.39074099e-01 9.27942336e-01 3.87663901e-01
 6.68666005e-01]
